id1,id2,matching_probability
0,1,1.0
1,15,1.0
10,51,1.0
100,495,1.0
1005,1657,1.0
1010,1560,1.0
1015,1992,1.0
1029,3804,1.0
104,182,1.0
1040,2850,1.0
1042,4906,1.0
1043,4905,1.0
1050,4781,1.0
1058,2989,1.0
1063,4025,1.0
1069,3057,1.0
107,276,1.0
1071,2379,1.0
1076,2025,1.0
108,553,1.0
1083,2439,1.0
1085,4626,1.0
1089,3956,1.0
109,128,1.0
1090,4998,1.0
1092,3592,1.0
1095,1797,1.0
1096,4193,1.0
11,44,1.0
1101,4293,1.0
1107,4221,1.0
1114,4320,1.0
1118,2161,1.0
1129,3611,1.0
113,432,1.0
1137,1335,1.0
114,174,1.0
1144,3632,1.0
1156,1636,1.0
117,310,1.0
1171,1779,1.0
1173,3542,1.0
1177,3163,1.0
118,173,1.0
1182,3598,1.0
1184,4984,1.0
119,464,1.0
1191,2794,1.0
12,31,1.0
120,250,1.0
121,509,1.0
1211,1773,1.0
1212,2729,1.0
1216,4469,1.0
122,1318,1.0
123,532,1.0
1235,4492,1.0
124,458,1.0
1249,4935,1.0
125,74,1.0
126,329,1.0
1285,4148,1.0
1289,3458,1.0
1294,4936,1.0
1298,4214,1.0
13,512,1.0
1301,449,0.9
131,242,1.0
1312,2026,1.0
132,125,1.0
1320,3981,1.0
1323,2789,1.0
1326,2123,1.0
133,1111,1.0
1337,4200,1.0
134,95,1.0
135,717,1.0
1354,2976,1.0
1359,1999,1.0
1363,3158,1.0
1365,2474,1.0
138,489,1.0
1383,2865,1.0
14,30,1.0
140,391,1.0
1401,3595,1.0
141,585,1.0
1418,4357,1.0
1423,3775,1.0
1429,4111,0.9
143,1459,1.0
144,239,1.0
1442,1584,1.0
1444,4162,1.0
1449,2692,1.0
145,549,1.0
147,945,1.0
148,621,1.0
1492,1465,1.0
15,49,1.0
150,794,1.0
1508,3293,1.0
151,780,1.0
152,321,1.0
1527,1479,1.0
153,989,1.0
1534,4783,1.0
1537,4852,1.0
154,304,1.0
1544,3504,1.0
155,1420,1.0
156,271,1.0
157,294,1.0
1570,4607,1.0
1580,4195,1.0
1589,3609,1.0
16,116,1.0
160,285,1.0
1600,4494,1.0
161,654,1.0
1619,3469,1.0
162,607,1.0
163,315,1.0
1633,4136,1.0
1636,4897,1.0
164,2202,1.0
1640,823,1.0
1646,3273,1.0
165,392,1.0
1662,2596,1.0
167,616,1.0
169,670,1.0
17,151,1.0
170,371,1.0
1713,3501,1.0
172,698,1.0
1726,2781,1.0
173,597,1.0
1739,2644,1.0
1741,2968,1.0
176,1463,1.0
177,437,1.0
18,58,1.0
180,909,1.0
1806,3020,1.0
181,697,1.0
1814,4065,1.0
183,755,1.0
1863,2459,1.0
1869,3520,1.0
1895,4508,1.0
19,5,1.0
192,302,1.0
195,1359,1.0
197,163,1.0
1979,3319,1.0
1985,4251,1.0
199,126,1.0
2,2,1.0
20,28,1.0
200,1668,1.0
2008,3985,1.0
201,1402,1.0
202,682,1.0
206,539,1.0
2061,659,0.615
207,186,1.0
208,4861,1.0
214,114,1.0
215,535,1.0
218,502,1.0
2188,3120,1.0
219,969,1.0
22,39,1.0
220,2313,1.0
2209,2678,1.0
221,487,1.0
223,2008,1.0
225,534,1.0
228,1074,1.0
229,1482,1.0
23,341,1.0
230,286,1.0
231,204,1.0
232,203,1.0
233,1352,1.0
235,3213,1.0
237,2586,1.0
238,1362,1.0
24,66,1.0
241,649,1.0
2429,1602,1.0
243,584,1.0
244,2223,1.0
245,256,1.0
248,706,1.0
25,93,1.0
250,688,1.0
251,741,1.0
252,667,1.0
254,635,1.0
255,1822,1.0
256,1778,1.0
257,279,1.0
258,659,1.0
259,899,1.0
2593,2133,1.0
26,53,1.0
261,935,1.0
262,1614,1.0
267,644,1.0
268,615,1.0
269,4132,1.0
27,187,1.0
270,2331,1.0
272,3871,1.0
273,2660,1.0
274,758,1.0
277,1098,1.0
278,1454,1.0
279,589,1.0
28,108,1.0
280,1629,1.0
281,1066,1.0
282,991,1.0
283,1285,1.0
2847,659,0.733333333333
285,2340,1.0
286,2180,1.0
287,892,1.0
288,592,1.0
289,245,1.0
29,146,1.0
2936,4069,1.0
295,152,1.0
296,602,1.0
297,268,1.0
299,647,1.0
3,349,1.0
307,1356,1.0
308,1206,1.0
31,168,1.0
310,176,1.0
311,877,1.0
313,1296,1.0
314,297,1.0
316,867,1.0
317,1414,1.0
318,874,1.0
32,80,1.0
320,4539,1.0
321,1176,1.0
323,1458,1.0
326,610,1.0
328,1483,1.0
331,2349,1.0
333,661,1.0
334,3789,1.0
336,738,1.0
337,2519,1.0
340,1070,1.0
341,849,1.0
342,829,1.0
343,732,1.0
344,3385,1.0
346,645,1.0
347,1659,1.0
349,2290,1.0
35,1184,1.0
352,1846,1.0
353,2964,1.0
357,298,1.0
358,1128,1.0
359,1681,1.0
36,86,1.0
360,2105,1.0
362,919,1.0
363,185,1.0
364,222,1.0
366,2460,1.0
368,828,1.0
369,4111,1.0
37,212,1.0
371,1834,1.0
372,715,1.0
373,1180,1.0
375,1218,1.0
377,3658,1.0
378,2297,1.0
38,63,1.0
380,327,1.0
383,3042,1.0
384,1460,1.0
385,1200,1.0
386,147,1.0
389,983,1.0
39,598,1.0
390,2344,1.0
391,3226,1.0
392,786,1.0
393,164,1.0
395,2489,1.0
396,1149,1.0
399,2057,1.0
4,9,1.0
40,135,1.0
401,1140,1.0
403,3715,1.0
404,1284,1.0
406,1088,1.0
408,3032,1.0
41,70,1.0
412,1262,1.0
414,224,1.0
415,1096,1.0
416,2757,1.0
418,856,1.0
419,1671,1.0
42,71,1.0
420,1195,1.0
421,2160,1.0
424,629,1.0
428,1379,1.0
429,1058,1.0
430,2580,1.0
432,1844,1.0
435,1021,1.0
437,1294,1.0
438,3911,1.0
44,10,1.0
441,3362,1.0
442,1247,1.0
443,1590,1.0
446,1267,1.0
447,2996,1.0
449,228,1.0
45,149,1.0
450,483,1.0
451,1684,1.0
452,2954,1.0
454,2141,1.0
456,1396,1.0
457,605,1.0
459,2995,1.0
460,1237,1.0
464,1522,1.0
465,944,1.0
468,3629,1.0
469,2607,1.0
47,68,1.0
473,2840,1.0
474,1906,1.0
476,1894,1.0
477,1622,1.0
478,1491,1.0
482,1266,1.0
483,3799,1.0
484,2566,1.0
487,960,1.0
488,4868,1.0
49,175,1.0
491,2146,1.0
495,2072,1.0
496,2537,1.0
498,2484,1.0
499,1166,1.0
5,14,1.0
50,26,1.0
501,504,1.0
504,2894,1.0
505,1933,1.0
507,1690,1.0
508,2096,1.0
509,3416,1.0
51,291,1.0
511,3261,1.0
512,936,1.0
515,3667,1.0
517,1885,1.0
518,2705,1.0
52,160,1.0
521,3585,1.0
522,3553,1.0
524,1514,1.0
525,2721,1.0
528,1913,1.0
529,1252,1.0
53,89,1.0
533,2711,1.0
535,1498,1.0
536,2698,1.0
54,2780,1.0
540,4352,1.0
542,491,1.0
546,924,1.0
548,3247,1.0
549,244,1.0
55,199,1.0
554,1644,1.0
555,4238,1.0
556,1014,1.0
557,4388,1.0
558,2013,1.0
559,2350,1.0
56,393,1.0
561,1533,1.0
563,2683,1.0
566,906,1.0
567,981,1.0
572,852,1.0
574,449,1.0
578,1557,1.0
579,2007,1.0
58,2597,1.0
585,926,1.0
586,671,1.0
587,713,1.0
589,3115,1.0
590,1449,1.0
592,2509,1.0
594,3113,1.0
595,3277,1.0
596,2753,1.0
6,142,1.0
602,3025,1.0
604,3017,1.0
605,1355,1.0
607,2079,1.0
608,1734,1.0
612,4144,1.0
613,1932,1.0
615,3346,1.0
616,1700,0.966666666667
617,2759,1.0
618,577,1.0
619,4659,1.0
62,115,1.0
621,2768,1.0
624,1775,1.0
625,3476,1.0
627,2263,1.0
629,1944,0.9
630,748,1.0
631,2190,1.0
632,3233,1.0
634,1802,1.0
638,1919,0.9
64,99,1.0
643,1570,1.0
645,3383,1.0
646,4854,1.0
65,761,1.0
650,4792,1.0
652,3252,1.0
653,3048,1.0
654,1345,1.0
655,4894,1.0
658,2380,1.0
659,1926,1.0
66,356,1.0
660,2869,1.0
661,1837,1.0
664,1475,1.0
667,3599,1.0
669,4274,1.0
67,120,1.0
671,3897,1.0
673,3808,1.0
675,1229,1.0
676,3531,1.0
679,2352,1.0
680,2011,1.0
684,1102,1.0
685,4379,1.0
686,2743,1.0
687,3062,1.0
689,2998,1.0
69,311,1.0
694,4839,1.0
695,3931,1.0
696,4407,1.0
698,1634,1.0
699,2691,1.0
7,17,1.0
70,111,1.0
704,3253,1.0
705,2329,1.0
713,4102,1.0
716,2907,1.0
717,4340,1.0
72,736,1.0
722,2671,1.0
723,3353,1.0
727,3492,1.0
728,947,1.0
729,3171,1.0
73,318,1.0
734,3720,1.0
735,2943,1.0
736,3316,1.0
739,800,1.0
74,83,1.0
748,3976,1.0
749,2578,1.0
75,283,1.0
750,633,1.0
751,1191,1.0
754,3560,1.0
756,3674,1.0
759,789,1.0
76,47,1.0
766,1579,1.0
769,4172,1.0
77,91,1.0
770,2312,1.0
772,4173,1.0
775,4016,1.0
776,680,1.0
779,3022,1.0
780,2756,1.0
781,2631,1.0
782,2628,1.0
784,2679,1.0
785,3719,1.0
786,3555,1.0
79,320,1.0
792,1083,1.0
793,2157,1.0
794,3993,1.0
795,2873,1.0
797,2193,1.0
798,2913,1.0
8,57,1.0
800,4548,1.0
806,986,1.0
812,4909,1.0
815,2665,1.0
818,2430,1.0
820,2429,1.0
821,3663,1.0
824,1835,1.0
826,3714,1.0
827,4726,1.0
83,914,1.0
830,3139,1.0
834,2777,1.0
84,674,1.0
841,1255,1.0
844,3727,1.0
845,3764,1.0
847,1915,1.0
85,4391,1.0
850,1502,0.9
853,3173,1.0
854,2295,0.933333333333
858,3983,1.0
86,251,1.0
866,4605,1.0
869,1612,1.0
87,388,1.0
870,4475,1.0
871,4480,1.0
872,4055,1.0
875,3061,1.0
882,3974,1.0
883,1598,1.0
888,3740,1.0
889,4013,1.0
89,427,1.0
9,33,1.0
90,394,1.0
903,2354,1.0
91,103,1.0
910,1607,1.0
911,2833,1.0
913,1754,1.0
914,3313,1.0
917,4911,1.0
92,193,1.0
920,2278,1.0
921,3390,1.0
922,4010,1.0
924,3071,1.0
928,2909,1.0
93,824,1.0
932,4510,1.0
934,3456,1.0
937,3619,1.0
94,119,1.0
943,4671,1.0
946,2412,1.0
95,72,0.8
951,3276,1.0
955,1276,1.0
960,2966,1.0
97,225,1.0
970,4553,1.0
976,1641,1.0
977,4224,1.0
986,3923,1.0
997,1383,1.0
